the lattice constant is 1

For a primitive simple cubic cell with the chosen lattice constant, the reciprocal vectors are [1. 0. 0.], [0. 1. 0.] and [0. 0. 1.] and the volume is 1

For a primitive body centred cubic cell with the chosen lattice constant, the reciprocal vectors are [0. 1. 1.], [1. 0. 1.] and [1. 1. 0.] and the volume is 0.5

For a primitive face centred cubic cell with the chosen lattice constant, the reciprocal vectors are [-1.  1.  1.], [ 1. -1.  1.] and [ 1.  1. -1.] and the volume is 0.25

below is sc1's nearest neighbour list of expected size 64 (1 lattice point * 16 unit cells * 4 NN)
[(0, 1, 1.0), (0, 3, 1.0), (0, 4, 1.0), (0, 12, 1.0), (1, 2, 1.0), (1, 5, 1.0), (1, 13, 1.0), (1, 0, 1.0), (2, 3, 1.0), (2, 6, 1.0), (2, 14, 1.0), (2, 1, 1.0), (3, 7, 1.0), (3, 15, 1.0), (3, 0, 1.0), (3, 2, 1.0), (4, 5, 1.0), (4, 7, 1.0), (4, 8, 1.0), (4, 0, 1.0), (5, 6, 1.0), (5, 9, 1.0), (5, 1, 1.0), (5, 4, 1.0), (6, 7, 1.0), (6, 10, 1.0), (6, 2, 1.0), (6, 5, 1.0), (7, 11, 1.0), (7, 3, 1.0), (7, 4, 1.0), (7, 6, 1.0), (8, 9, 1.0), (8, 11, 1.0), (8, 12, 1.0), (8, 4, 1.0), (9, 10, 1.0), (9, 13, 1.0), (9, 5, 1.0), (9, 8, 1.0), (10, 11, 1.0), (10, 14, 1.0), (10, 6, 1.0), (10, 9, 1.0), (11, 15, 1.0), (11, 7, 1.0), (11, 8, 1.0), (11, 10, 1.0), (12, 13, 1.0), (12, 15, 1.0), (12, 0, 1.0), (12, 8, 1.0), (13, 14, 1.0), (13, 1, 1.0), (13, 9, 1.0), (13, 12, 1.0), (14, 15, 1.0), (14, 2, 1.0), (14, 10, 1.0), (14, 13, 1.0), (15, 3, 1.0), (15, 11, 1.0), (15, 12, 1.0), (15, 14, 1.0)]


below is bcc1's nearest neighbour list of expected size 432 (2 lattice point * 27 unit cells * 8 NN - as this is a 2d lattice like the powerpoint)
[(0, 27, 0.8660254037844386), (0, 29, 0.8660254037844388), (0, 33, 0.8660254037844388), (0, 35, 0.8660254037844389), (0, 45, 0.8660254037844388), (0, 47, 0.8660254037844389), (0, 51, 0.8660254037844389), (0, 53, 0.866025403784439), (1, 27, 0.8660254037844386), (1, 28, 0.8660254037844386), (1, 33, 0.8660254037844387), (1, 34, 0.8660254037844388), (1, 45, 0.8660254037844387), (1, 46, 0.8660254037844388), (1, 51, 0.8660254037844388), (1, 52, 0.8660254037844389), (2, 28, 0.8660254037844386), (2, 29, 0.8660254037844386), (2, 34, 0.8660254037844387), (2, 35, 0.8660254037844388), (2, 46, 0.8660254037844387), (2, 47, 0.8660254037844388), (2, 52, 0.8660254037844388), (2, 53, 0.8660254037844389), (3, 27, 0.8660254037844386), (3, 29, 0.8660254037844387), (3, 30, 0.8660254037844386), (3, 32, 0.8660254037844388), (3, 45, 0.8660254037844387), (3, 47, 0.8660254037844388), (3, 48, 0.8660254037844388), (3, 50, 0.8660254037844389), (4, 27, 0.8660254037844385), (4, 28, 0.8660254037844386), (4, 30, 0.8660254037844386), (4, 31, 0.8660254037844386), (4, 45, 0.8660254037844386), (4, 46, 0.8660254037844387), (4, 48, 0.8660254037844387), (4, 49, 0.8660254037844388), (5, 28, 0.8660254037844385), (5, 29, 0.8660254037844386), (5, 31, 0.8660254037844386), (5, 32, 0.8660254037844386), (5, 46, 0.8660254037844386), (5, 47, 0.8660254037844387), (5, 49, 0.8660254037844387), (5, 50, 0.8660254037844388), (6, 30, 0.8660254037844386), (6, 32, 0.8660254037844387), (6, 33, 0.8660254037844386), (6, 35, 0.8660254037844388), (6, 48, 0.8660254037844387), (6, 50, 0.8660254037844388), (6, 51, 0.8660254037844388), (6, 53, 0.8660254037844389), (7, 30, 0.8660254037844385), (7, 31, 0.8660254037844386), (7, 33, 0.8660254037844386), (7, 34, 0.8660254037844386), (7, 48, 0.8660254037844386), (7, 49, 0.8660254037844387), (7, 51, 0.8660254037844387), (7, 52, 0.8660254037844388), (8, 31, 0.8660254037844385), (8, 32, 0.8660254037844386), (8, 34, 0.8660254037844386), (8, 35, 0.8660254037844386), (8, 49, 0.8660254037844386), (8, 50, 0.8660254037844387), (8, 52, 0.8660254037844387), (8, 53, 0.8660254037844388), (9, 27, 0.8660254037844386), (9, 29, 0.8660254037844387), (9, 33, 0.8660254037844387), (9, 35, 0.8660254037844388), (9, 36, 0.8660254037844386), (9, 38, 0.8660254037844388), (9, 42, 0.8660254037844388), (9, 44, 0.8660254037844389), (10, 27, 0.8660254037844385), (10, 28, 0.8660254037844386), (10, 33, 0.8660254037844386), (10, 34, 0.8660254037844387), (10, 36, 0.8660254037844386), (10, 37, 0.8660254037844386), (10, 42, 0.8660254037844387), (10, 43, 0.8660254037844388), (11, 28, 0.8660254037844385), (11, 29, 0.8660254037844386), (11, 34, 0.8660254037844386), (11, 35, 0.8660254037844387), (11, 37, 0.8660254037844386), (11, 38, 0.8660254037844386), (11, 43, 0.8660254037844387), (11, 44, 0.8660254037844388), (12, 27, 0.8660254037844385), (12, 29, 0.8660254037844386), (12, 30, 0.8660254037844386), (12, 32, 0.8660254037844387), (12, 36, 0.8660254037844386), (12, 38, 0.8660254037844387), (12, 39, 0.8660254037844386), (12, 41, 0.8660254037844388), (13, 27, 0.8660254037844385), (13, 28, 0.8660254037844385), (13, 30, 0.8660254037844385), (13, 31, 0.8660254037844386), (13, 36, 0.8660254037844385), (13, 37, 0.8660254037844386), (13, 39, 0.8660254037844386), (13, 40, 0.8660254037844386), (14, 28, 0.8660254037844385), (14, 29, 0.8660254037844385), (14, 31, 0.8660254037844385), (14, 32, 0.8660254037844386), (14, 37, 0.8660254037844385), (14, 38, 0.8660254037844386), (14, 40, 0.8660254037844386), (14, 41, 0.8660254037844386), (15, 30, 0.8660254037844385), (15, 32, 0.8660254037844386), (15, 33, 0.8660254037844386), (15, 35, 0.8660254037844387), (15, 39, 0.8660254037844386), (15, 41, 0.8660254037844387), (15, 42, 0.8660254037844386), (15, 44, 0.8660254037844388), (16, 30, 0.8660254037844385), (16, 31, 0.8660254037844385), (16, 33, 0.8660254037844385), (16, 34, 0.8660254037844386), (16, 39, 0.8660254037844385), (16, 40, 0.8660254037844386), (16, 42, 0.8660254037844386), (16, 43, 0.8660254037844386), (17, 31, 0.8660254037844385), (17, 32, 0.8660254037844385), (17, 34, 0.8660254037844385), (17, 35, 0.8660254037844386), (17, 40, 0.8660254037844385), (17, 41, 0.8660254037844386), (17, 43, 0.8660254037844386), (17, 44, 0.8660254037844386), (18, 36, 0.8660254037844386), (18, 38, 0.8660254037844387), (18, 42, 0.8660254037844387), (18, 44, 0.8660254037844388), (18, 45, 0.8660254037844386), (18, 47, 0.8660254037844388), (18, 51, 0.8660254037844388), (18, 53, 0.8660254037844389), (19, 36, 0.8660254037844385), (19, 37, 0.8660254037844386), (19, 42, 0.8660254037844386), (19, 43, 0.8660254037844387), (19, 45, 0.8660254037844386), (19, 46, 0.8660254037844386), (19, 51, 0.8660254037844387), (19, 52, 0.8660254037844388), (20, 37, 0.8660254037844385), (20, 38, 0.8660254037844386), (20, 43, 0.8660254037844386), (20, 44, 0.8660254037844387), (20, 46, 0.8660254037844386), (20, 47, 0.8660254037844386), (20, 52, 0.8660254037844387), (20, 53, 0.8660254037844388), (21, 36, 0.8660254037844385), (21, 38, 0.8660254037844386), (21, 39, 0.8660254037844386), (21, 41, 0.8660254037844387), (21, 45, 0.8660254037844386), (21, 47, 0.8660254037844387), (21, 48, 0.8660254037844386), (21, 50, 0.8660254037844388), (22, 36, 0.8660254037844385), (22, 37, 0.8660254037844385), (22, 39, 0.8660254037844385), (22, 40, 0.8660254037844386), (22, 45, 0.8660254037844385), (22, 46, 0.8660254037844386), (22, 48, 0.8660254037844386), (22, 49, 0.8660254037844386), (23, 37, 0.8660254037844385), (23, 38, 0.8660254037844385), (23, 40, 0.8660254037844385), (23, 41, 0.8660254037844386), (23, 46, 0.8660254037844385), (23, 47, 0.8660254037844386), (23, 49, 0.8660254037844386), (23, 50, 0.8660254037844386), (24, 39, 0.8660254037844385), (24, 41, 0.8660254037844386), (24, 42, 0.8660254037844386), (24, 44, 0.8660254037844387), (24, 48, 0.8660254037844386), (24, 50, 0.8660254037844387), (24, 51, 0.8660254037844386), (24, 53, 0.8660254037844388), (25, 39, 0.8660254037844385), (25, 40, 0.8660254037844385), (25, 42, 0.8660254037844385), (25, 43, 0.8660254037844386), (25, 48, 0.8660254037844385), (25, 49, 0.8660254037844386), (25, 51, 0.8660254037844386), (25, 52, 0.8660254037844386), (26, 40, 0.8660254037844385), (26, 41, 0.8660254037844385), (26, 43, 0.8660254037844385), (26, 44, 0.8660254037844386), (26, 49, 0.8660254037844385), (26, 50, 0.8660254037844386), (26, 52, 0.8660254037844386), (26, 53, 0.8660254037844386), (27, 0, 0.8660254037844386), (27, 1, 0.8660254037844386), (27, 3, 0.8660254037844386), (27, 4, 0.8660254037844385), (27, 9, 0.8660254037844386), (27, 10, 0.8660254037844385), (27, 12, 0.8660254037844385), (27, 13, 0.8660254037844385), (28, 1, 0.8660254037844386), (28, 2, 0.8660254037844386), (28, 4, 0.8660254037844386), (28, 5, 0.8660254037844385), (28, 10, 0.8660254037844386), (28, 11, 0.8660254037844385), (28, 13, 0.8660254037844385), (28, 14, 0.8660254037844385), (29, 0, 0.8660254037844388), (29, 2, 0.8660254037844386), (29, 3, 0.8660254037844387), (29, 5, 0.8660254037844386), (29, 9, 0.8660254037844387), (29, 11, 0.8660254037844386), (29, 12, 0.8660254037844386), (29, 14, 0.8660254037844385), (30, 3, 0.8660254037844386), (30, 4, 0.8660254037844386), (30, 6, 0.8660254037844386), (30, 7, 0.8660254037844385), (30, 12, 0.8660254037844386), (30, 13, 0.8660254037844385), (30, 15, 0.8660254037844385), (30, 16, 0.8660254037844385), (31, 4, 0.8660254037844386), (31, 5, 0.8660254037844386), (31, 7, 0.8660254037844386), (31, 8, 0.8660254037844385), (31, 13, 0.8660254037844386), (31, 14, 0.8660254037844385), (31, 16, 0.8660254037844385), (31, 17, 0.8660254037844385), (32, 3, 0.8660254037844388), (32, 5, 0.8660254037844386), (32, 6, 0.8660254037844387), (32, 8, 0.8660254037844386), (32, 12, 0.8660254037844387), (32, 14, 0.8660254037844386), (32, 15, 0.8660254037844386), (32, 17, 0.8660254037844385), (33, 0, 0.8660254037844388), (33, 1, 0.8660254037844387), (33, 6, 0.8660254037844386), (33, 7, 0.8660254037844386), (33, 9, 0.8660254037844387), (33, 10, 0.8660254037844386), (33, 15, 0.8660254037844386), (33, 16, 0.8660254037844385), (34, 1, 0.8660254037844388), (34, 2, 0.8660254037844387), (34, 7, 0.8660254037844386), (34, 8, 0.8660254037844386), (34, 10, 0.8660254037844387), (34, 11, 0.8660254037844386), (34, 16, 0.8660254037844386), (34, 17, 0.8660254037844385), (35, 0, 0.8660254037844389), (35, 2, 0.8660254037844388), (35, 6, 0.8660254037844388), (35, 8, 0.8660254037844386), (35, 9, 0.8660254037844388), (35, 11, 0.8660254037844387), (35, 15, 0.8660254037844387), (35, 17, 0.8660254037844386), (36, 9, 0.8660254037844386), (36, 10, 0.8660254037844386), (36, 12, 0.8660254037844386), (36, 13, 0.8660254037844385), (36, 18, 0.8660254037844386), (36, 19, 0.8660254037844385), (36, 21, 0.8660254037844385), (36, 22, 0.8660254037844385), (37, 10, 0.8660254037844386), (37, 11, 0.8660254037844386), (37, 13, 0.8660254037844386), (37, 14, 0.8660254037844385), (37, 19, 0.8660254037844386), (37, 20, 0.8660254037844385), (37, 22, 0.8660254037844385), (37, 23, 0.8660254037844385), (38, 9, 0.8660254037844388), (38, 11, 0.8660254037844386), (38, 12, 0.8660254037844387), (38, 14, 0.8660254037844386), (38, 18, 0.8660254037844387), (38, 20, 0.8660254037844386), (38, 21, 0.8660254037844386), (38, 23, 0.8660254037844385), (39, 12, 0.8660254037844386), (39, 13, 0.8660254037844386), (39, 15, 0.8660254037844386), (39, 16, 0.8660254037844385), (39, 21, 0.8660254037844386), (39, 22, 0.8660254037844385), (39, 24, 0.8660254037844385), (39, 25, 0.8660254037844385), (40, 13, 0.8660254037844386), (40, 14, 0.8660254037844386), (40, 16, 0.8660254037844386), (40, 17, 0.8660254037844385), (40, 22, 0.8660254037844386), (40, 23, 0.8660254037844385), (40, 25, 0.8660254037844385), (40, 26, 0.8660254037844385), (41, 12, 0.8660254037844388), (41, 14, 0.8660254037844386), (41, 15, 0.8660254037844387), (41, 17, 0.8660254037844386), (41, 21, 0.8660254037844387), (41, 23, 0.8660254037844386), (41, 24, 0.8660254037844386), (41, 26, 0.8660254037844385), (42, 9, 0.8660254037844388), (42, 10, 0.8660254037844387), (42, 15, 0.8660254037844386), (42, 16, 0.8660254037844386), (42, 18, 0.8660254037844387), (42, 19, 0.8660254037844386), (42, 24, 0.8660254037844386), (42, 25, 0.8660254037844385), (43, 10, 0.8660254037844388), (43, 11, 0.8660254037844387), (43, 16, 0.8660254037844386), (43, 17, 0.8660254037844386), (43, 19, 0.8660254037844387), (43, 20, 0.8660254037844386), (43, 25, 0.8660254037844386), (43, 26, 0.8660254037844385), (44, 9, 0.8660254037844389), (44, 11, 0.8660254037844388), (44, 15, 0.8660254037844388), (44, 17, 0.8660254037844386), (44, 18, 0.8660254037844388), (44, 20, 0.8660254037844387), (44, 24, 0.8660254037844387), (44, 26, 0.8660254037844386), (45, 0, 0.8660254037844388), (45, 1, 0.8660254037844387), (45, 3, 0.8660254037844387), (45, 4, 0.8660254037844386), (45, 18, 0.8660254037844386), (45, 19, 0.8660254037844386), (45, 21, 0.8660254037844386), (45, 22, 0.8660254037844385), (46, 1, 0.8660254037844388), (46, 2, 0.8660254037844387), (46, 4, 0.8660254037844387), (46, 5, 0.8660254037844386), (46, 19, 0.8660254037844386), (46, 20, 0.8660254037844386), (46, 22, 0.8660254037844386), (46, 23, 0.8660254037844385), (47, 0, 0.8660254037844389), (47, 2, 0.8660254037844388), (47, 3, 0.8660254037844388), (47, 5, 0.8660254037844387), (47, 18, 0.8660254037844388), (47, 20, 0.8660254037844386), (47, 21, 0.8660254037844387), (47, 23, 0.8660254037844386), (48, 3, 0.8660254037844388), (48, 4, 0.8660254037844387), (48, 6, 0.8660254037844387), (48, 7, 0.8660254037844386), (48, 21, 0.8660254037844386), (48, 22, 0.8660254037844386), (48, 24, 0.8660254037844386), (48, 25, 0.8660254037844385), (49, 4, 0.8660254037844388), (49, 5, 0.8660254037844387), (49, 7, 0.8660254037844387), (49, 8, 0.8660254037844386), (49, 22, 0.8660254037844386), (49, 23, 0.8660254037844386), (49, 25, 0.8660254037844386), (49, 26, 0.8660254037844385), (50, 3, 0.8660254037844389), (50, 5, 0.8660254037844388), (50, 6, 0.8660254037844388), (50, 8, 0.8660254037844387), (50, 21, 0.8660254037844388), (50, 23, 0.8660254037844386), (50, 24, 0.8660254037844387), (50, 26, 0.8660254037844386), (51, 0, 0.8660254037844389), (51, 1, 0.8660254037844388), (51, 6, 0.8660254037844388), (51, 7, 0.8660254037844387), (51, 18, 0.8660254037844388), (51, 19, 0.8660254037844387), (51, 24, 0.8660254037844386), (51, 25, 0.8660254037844386), (52, 1, 0.8660254037844389), (52, 2, 0.8660254037844388), (52, 7, 0.8660254037844388), (52, 8, 0.8660254037844387), (52, 19, 0.8660254037844388), (52, 20, 0.8660254037844387), (52, 25, 0.8660254037844386), (52, 26, 0.8660254037844386), (53, 0, 0.866025403784439), (53, 2, 0.8660254037844389), (53, 6, 0.8660254037844389), (53, 8, 0.8660254037844388), (53, 18, 0.8660254037844389), (53, 20, 0.8660254037844388), (53, 24, 0.8660254037844388), (53, 26, 0.8660254037844386)]


below is fcc1's nearest neighbour list of expected size 1296 (4 lattice point * 27 unit cells *  12NN)
[(0, 27, 0.7071067811865476), (0, 28, 0.7071067811865476), (0, 29, 0.7071067811865476), (0, 34, 0.7071067811865477), (0, 35, 0.7071067811865477), (0, 45, 0.7071067811865477), (0, 47, 0.7071067811865477), (0, 53, 0.7071067811865478), (0, 81, 0.7071067811865477), (0, 82, 0.7071067811865477), (0, 88, 0.7071067811865478), (0, 99, 0.7071067811865478), (1, 28, 0.7071067811865475), (1, 29, 0.7071067811865475), (1, 30, 0.7071067811865476), (1, 31, 0.7071067811865476), (1, 32, 0.7071067811865476), (1, 47, 0.7071067811865476), (1, 48, 0.7071067811865477), (1, 50, 0.7071067811865477), (1, 82, 0.7071067811865476), (1, 84, 0.7071067811865477), (1, 85, 0.7071067811865477), (1, 102, 0.7071067811865478), (2, 31, 0.7071067811865475), (2, 32, 0.7071067811865475), (2, 33, 0.7071067811865476), (2, 34, 0.7071067811865476), (2, 35, 0.7071067811865476), (2, 50, 0.7071067811865476), (2, 51, 0.7071067811865477), (2, 53, 0.7071067811865477), (2, 85, 0.7071067811865476), (2, 87, 0.7071067811865477), (2, 88, 0.7071067811865477), (2, 105, 0.7071067811865478), (3, 27, 0.7071067811865475), (3, 29, 0.7071067811865475), (3, 35, 0.7071067811865476), (3, 36, 0.7071067811865476), (3, 37, 0.7071067811865476), (3, 38, 0.7071067811865476), (3, 43, 0.7071067811865477), (3, 44, 0.7071067811865477), (3, 81, 0.7071067811865476), (3, 90, 0.7071067811865477), (3, 91, 0.7071067811865477), (3, 97, 0.7071067811865478), (4, 29, 0.7071067811865474), (4, 30, 0.7071067811865475), (4, 32, 0.7071067811865475), (4, 37, 0.7071067811865475), (4, 38, 0.7071067811865475), (4, 39, 0.7071067811865476), (4, 40, 0.7071067811865476), (4, 41, 0.7071067811865476), (4, 84, 0.7071067811865476), (4, 91, 0.7071067811865476), (4, 93, 0.7071067811865477), (4, 94, 0.7071067811865477), (5, 32, 0.7071067811865474), (5, 33, 0.7071067811865475), (5, 35, 0.7071067811865475), (5, 40, 0.7071067811865475), (5, 41, 0.7071067811865475), (5, 42, 0.7071067811865476), (5, 43, 0.7071067811865476), (5, 44, 0.7071067811865476), (5, 87, 0.7071067811865476), (5, 94, 0.7071067811865476), (5, 96, 0.7071067811865477), (5, 97, 0.7071067811865477), (6, 36, 0.7071067811865475), (6, 38, 0.7071067811865475), (6, 44, 0.7071067811865476), (6, 45, 0.7071067811865476), (6, 46, 0.7071067811865476), (6, 47, 0.7071067811865476), (6, 52, 0.7071067811865477), (6, 53, 0.7071067811865477), (6, 90, 0.7071067811865476), (6, 99, 0.7071067811865477), (6, 100, 0.7071067811865477), (6, 106, 0.7071067811865478), (7, 38, 0.7071067811865474), (7, 39, 0.7071067811865475), (7, 41, 0.7071067811865475), (7, 46, 0.7071067811865475), (7, 47, 0.7071067811865475), (7, 48, 0.7071067811865476), (7, 49, 0.7071067811865476), (7, 50, 0.7071067811865476), (7, 93, 0.7071067811865476), (7, 100, 0.7071067811865476), (7, 102, 0.7071067811865477), (7, 103, 0.7071067811865477), (8, 41, 0.7071067811865474), (8, 42, 0.7071067811865475), (8, 44, 0.7071067811865475), (8, 49, 0.7071067811865475), (8, 50, 0.7071067811865475), (8, 51, 0.7071067811865476), (8, 52, 0.7071067811865476), (8, 53, 0.7071067811865476), (8, 96, 0.7071067811865476), (8, 103, 0.7071067811865476), (8, 105, 0.7071067811865477), (8, 106, 0.7071067811865477), (9, 27, 0.7071067811865475), (9, 28, 0.7071067811865475), (9, 34, 0.7071067811865476), (9, 45, 0.7071067811865476), (9, 54, 0.7071067811865476), (9, 55, 0.7071067811865476), (9, 56, 0.7071067811865476), (9, 61, 0.7071067811865477), (9, 62, 0.7071067811865477), (9, 72, 0.7071067811865477), (9, 74, 0.7071067811865477), (9, 80, 0.7071067811865478), (10, 28, 0.7071067811865474), (10, 30, 0.7071067811865475), (10, 31, 0.7071067811865475), (10, 48, 0.7071067811865476), (10, 55, 0.7071067811865475), (10, 56, 0.7071067811865475), (10, 57, 0.7071067811865476), (10, 58, 0.7071067811865476), (10, 59, 0.7071067811865476), (10, 74, 0.7071067811865476), (10, 75, 0.7071067811865477), (10, 77, 0.7071067811865477), (11, 31, 0.7071067811865474), (11, 33, 0.7071067811865475), (11, 34, 0.7071067811865475), (11, 51, 0.7071067811865476), (11, 58, 0.7071067811865475), (11, 59, 0.7071067811865475), (11, 60, 0.7071067811865476), (11, 61, 0.7071067811865476), (11, 62, 0.7071067811865476), (11, 77, 0.7071067811865476), (11, 78, 0.7071067811865477), (11, 80, 0.7071067811865477), (12, 27, 0.7071067811865474), (12, 36, 0.7071067811865475), (12, 37, 0.7071067811865475), (12, 43, 0.7071067811865476), (12, 54, 0.7071067811865475), (12, 56, 0.7071067811865475), (12, 62, 0.7071067811865476), (12, 63, 0.7071067811865476), (12, 64, 0.7071067811865476), (12, 65, 0.7071067811865476), (12, 70, 0.7071067811865477), (12, 71, 0.7071067811865477), (13, 30, 0.7071067811865474), (13, 37, 0.7071067811865474), (13, 39, 0.7071067811865475), (13, 40, 0.7071067811865475), (13, 56, 0.7071067811865474), (13, 57, 0.7071067811865475), (13, 59, 0.7071067811865475), (13, 64, 0.7071067811865475), (13, 65, 0.7071067811865475), (13, 66, 0.7071067811865476), (13, 67, 0.7071067811865476), (13, 68, 0.7071067811865476), (14, 33, 0.7071067811865474), (14, 40, 0.7071067811865474), (14, 42, 0.7071067811865475), (14, 43, 0.7071067811865475), (14, 59, 0.7071067811865474), (14, 60, 0.7071067811865475), (14, 62, 0.7071067811865475), (14, 67, 0.7071067811865475), (14, 68, 0.7071067811865475), (14, 69, 0.7071067811865476), (14, 70, 0.7071067811865476), (14, 71, 0.7071067811865476), (15, 36, 0.7071067811865474), (15, 45, 0.7071067811865475), (15, 46, 0.7071067811865475), (15, 52, 0.7071067811865476), (15, 63, 0.7071067811865475), (15, 65, 0.7071067811865475), (15, 71, 0.7071067811865476), (15, 72, 0.7071067811865476), (15, 73, 0.7071067811865476), (15, 74, 0.7071067811865476), (15, 79, 0.7071067811865477), (15, 80, 0.7071067811865477), (16, 39, 0.7071067811865474), (16, 46, 0.7071067811865474), (16, 48, 0.7071067811865475), (16, 49, 0.7071067811865475), (16, 65, 0.7071067811865474), (16, 66, 0.7071067811865475), (16, 68, 0.7071067811865475), (16, 73, 0.7071067811865475), (16, 74, 0.7071067811865475), (16, 75, 0.7071067811865476), (16, 76, 0.7071067811865476), (16, 77, 0.7071067811865476), (17, 42, 0.7071067811865474), (17, 49, 0.7071067811865474), (17, 51, 0.7071067811865475), (17, 52, 0.7071067811865475), (17, 68, 0.7071067811865474), (17, 69, 0.7071067811865475), (17, 71, 0.7071067811865475), (17, 76, 0.7071067811865475), (17, 77, 0.7071067811865475), (17, 78, 0.7071067811865476), (17, 79, 0.7071067811865476), (17, 80, 0.7071067811865476), (18, 54, 0.7071067811865475), (18, 55, 0.7071067811865475), (18, 61, 0.7071067811865476), (18, 72, 0.7071067811865476), (18, 81, 0.7071067811865476), (18, 82, 0.7071067811865476), (18, 83, 0.7071067811865476), (18, 88, 0.7071067811865477), (18, 89, 0.7071067811865477), (18, 99, 0.7071067811865477), (18, 101, 0.7071067811865477), (18, 107, 0.7071067811865478), (19, 55, 0.7071067811865474), (19, 57, 0.7071067811865475), (19, 58, 0.7071067811865475), (19, 75, 0.7071067811865476), (19, 82, 0.7071067811865475), (19, 83, 0.7071067811865475), (19, 84, 0.7071067811865476), (19, 85, 0.7071067811865476), (19, 86, 0.7071067811865476), (19, 101, 0.7071067811865476), (19, 102, 0.7071067811865477), (19, 104, 0.7071067811865477), (20, 58, 0.7071067811865474), (20, 60, 0.7071067811865475), (20, 61, 0.7071067811865475), (20, 78, 0.7071067811865476), (20, 85, 0.7071067811865475), (20, 86, 0.7071067811865475), (20, 87, 0.7071067811865476), (20, 88, 0.7071067811865476), (20, 89, 0.7071067811865476), (20, 104, 0.7071067811865476), (20, 105, 0.7071067811865477), (20, 107, 0.7071067811865477), (21, 54, 0.7071067811865474), (21, 63, 0.7071067811865475), (21, 64, 0.7071067811865475), (21, 70, 0.7071067811865476), (21, 81, 0.7071067811865475), (21, 83, 0.7071067811865475), (21, 89, 0.7071067811865476), (21, 90, 0.7071067811865476), (21, 91, 0.7071067811865476), (21, 92, 0.7071067811865476), (21, 97, 0.7071067811865477), (21, 98, 0.7071067811865477), (22, 57, 0.7071067811865474), (22, 64, 0.7071067811865474), (22, 66, 0.7071067811865475), (22, 67, 0.7071067811865475), (22, 83, 0.7071067811865474), (22, 84, 0.7071067811865475), (22, 86, 0.7071067811865475), (22, 91, 0.7071067811865475), (22, 92, 0.7071067811865475), (22, 93, 0.7071067811865476), (22, 94, 0.7071067811865476), (22, 95, 0.7071067811865476), (23, 60, 0.7071067811865474), (23, 67, 0.7071067811865474), (23, 69, 0.7071067811865475), (23, 70, 0.7071067811865475), (23, 86, 0.7071067811865474), (23, 87, 0.7071067811865475), (23, 89, 0.7071067811865475), (23, 94, 0.7071067811865475), (23, 95, 0.7071067811865475), (23, 96, 0.7071067811865476), (23, 97, 0.7071067811865476), (23, 98, 0.7071067811865476), (24, 63, 0.7071067811865474), (24, 72, 0.7071067811865475), (24, 73, 0.7071067811865475), (24, 79, 0.7071067811865476), (24, 90, 0.7071067811865475), (24, 92, 0.7071067811865475), (24, 98, 0.7071067811865476), (24, 99, 0.7071067811865476), (24, 100, 0.7071067811865476), (24, 101, 0.7071067811865476), (24, 106, 0.7071067811865477), (24, 107, 0.7071067811865477), (25, 66, 0.7071067811865474), (25, 73, 0.7071067811865474), (25, 75, 0.7071067811865475), (25, 76, 0.7071067811865475), (25, 92, 0.7071067811865474), (25, 93, 0.7071067811865475), (25, 95, 0.7071067811865475), (25, 100, 0.7071067811865475), (25, 101, 0.7071067811865475), (25, 102, 0.7071067811865476), (25, 103, 0.7071067811865476), (25, 104, 0.7071067811865476), (26, 69, 0.7071067811865474), (26, 76, 0.7071067811865474), (26, 78, 0.7071067811865475), (26, 79, 0.7071067811865475), (26, 95, 0.7071067811865474), (26, 96, 0.7071067811865475), (26, 98, 0.7071067811865475), (26, 103, 0.7071067811865475), (26, 104, 0.7071067811865475), (26, 105, 0.7071067811865476), (26, 106, 0.7071067811865476), (26, 107, 0.7071067811865476), (27, 28, 0.7071067811865475), (27, 29, 0.7071067811865475), (27, 34, 0.7071067811865476), (27, 35, 0.7071067811865476), (27, 37, 0.7071067811865476), (27, 43, 0.7071067811865477), (27, 56, 0.7071067811865476), (27, 62, 0.7071067811865477), (27, 0, 0.7071067811865476), (27, 3, 0.7071067811865475), (27, 9, 0.7071067811865475), (27, 12, 0.7071067811865474), (28, 29, 0.7071067811865475), (28, 30, 0.7071067811865476), (28, 45, 0.7071067811865476), (28, 47, 0.7071067811865476), (28, 48, 0.7071067811865477), (28, 56, 0.7071067811865476), (28, 74, 0.7071067811865477), (28, 0, 0.7071067811865476), (28, 1, 0.7071067811865475), (28, 9, 0.7071067811865475), (28, 10, 0.7071067811865474), (28, 27, 0.7071067811865475), (29, 30, 0.7071067811865476), (29, 37, 0.7071067811865476), (29, 81, 0.7071067811865476), (29, 82, 0.7071067811865476), (29, 84, 0.7071067811865477), (29, 91, 0.7071067811865477), (29, 0, 0.7071067811865476), (29, 1, 0.7071067811865475), (29, 3, 0.7071067811865475), (29, 4, 0.7071067811865474), (29, 27, 0.7071067811865475), (29, 28, 0.7071067811865475), (30, 31, 0.7071067811865475), (30, 32, 0.7071067811865475), (30, 37, 0.7071067811865475), (30, 40, 0.7071067811865476), (30, 56, 0.7071067811865475), (30, 59, 0.7071067811865476), (30, 1, 0.7071067811865476), (30, 4, 0.7071067811865475), (30, 10, 0.7071067811865475), (30, 13, 0.7071067811865474), (30, 28, 0.7071067811865476), (30, 29, 0.7071067811865476), (31, 32, 0.7071067811865475), (31, 33, 0.7071067811865476), (31, 48, 0.7071067811865476), (31, 50, 0.7071067811865476), (31, 51, 0.7071067811865477), (31, 59, 0.7071067811865476), (31, 77, 0.7071067811865477), (31, 1, 0.7071067811865476), (31, 2, 0.7071067811865475), (31, 10, 0.7071067811865475), (31, 11, 0.7071067811865474), (31, 30, 0.7071067811865475), (32, 33, 0.7071067811865476), (32, 40, 0.7071067811865476), (32, 84, 0.7071067811865476), (32, 85, 0.7071067811865476), (32, 87, 0.7071067811865477), (32, 94, 0.7071067811865477), (32, 1, 0.7071067811865476), (32, 2, 0.7071067811865475), (32, 4, 0.7071067811865475), (32, 5, 0.7071067811865474), (32, 30, 0.7071067811865475), (32, 31, 0.7071067811865475), (33, 34, 0.7071067811865475), (33, 35, 0.7071067811865475), (33, 40, 0.7071067811865475), (33, 43, 0.7071067811865476), (33, 59, 0.7071067811865475), (33, 62, 0.7071067811865476), (33, 2, 0.7071067811865476), (33, 5, 0.7071067811865475), (33, 11, 0.7071067811865475), (33, 14, 0.7071067811865474), (33, 31, 0.7071067811865476), (33, 32, 0.7071067811865476), (34, 35, 0.7071067811865475), (34, 45, 0.7071067811865478), (34, 51, 0.7071067811865476), (34, 53, 0.7071067811865476), (34, 62, 0.7071067811865476), (34, 80, 0.7071067811865477), (34, 0, 0.7071067811865477), (34, 2, 0.7071067811865476), (34, 9, 0.7071067811865476), (34, 11, 0.7071067811865475), (34, 27, 0.7071067811865476), (34, 33, 0.7071067811865475), (35, 43, 0.7071067811865476), (35, 81, 0.7071067811865478), (35, 87, 0.7071067811865476), (35, 88, 0.7071067811865476), (35, 97, 0.7071067811865477), (35, 0, 0.7071067811865477), (35, 2, 0.7071067811865476), (35, 3, 0.7071067811865476), (35, 5, 0.7071067811865475), (35, 27, 0.7071067811865476), (35, 33, 0.7071067811865475), (35, 34, 0.7071067811865475), (36, 37, 0.7071067811865475), (36, 38, 0.7071067811865475), (36, 43, 0.7071067811865476), (36, 44, 0.7071067811865476), (36, 46, 0.7071067811865476), (36, 52, 0.7071067811865477), (36, 65, 0.7071067811865476), (36, 71, 0.7071067811865477), (36, 3, 0.7071067811865476), (36, 6, 0.7071067811865475), (36, 12, 0.7071067811865475), (36, 15, 0.7071067811865474), (37, 38, 0.7071067811865475), (37, 39, 0.7071067811865476), (37, 56, 0.7071067811865475), (37, 65, 0.7071067811865476), (37, 3, 0.7071067811865476), (37, 4, 0.7071067811865475), (37, 12, 0.7071067811865475), (37, 13, 0.7071067811865474), (37, 27, 0.7071067811865476), (37, 29, 0.7071067811865476), (37, 30, 0.7071067811865475), (37, 36, 0.7071067811865475), (38, 39, 0.7071067811865476), (38, 46, 0.7071067811865476), (38, 90, 0.7071067811865476), (38, 91, 0.7071067811865476), (38, 93, 0.7071067811865477), (38, 100, 0.7071067811865477), (38, 3, 0.7071067811865476), (38, 4, 0.7071067811865475), (38, 6, 0.7071067811865475), (38, 7, 0.7071067811865474), (38, 36, 0.7071067811865475), (38, 37, 0.7071067811865475), (39, 40, 0.7071067811865475), (39, 41, 0.7071067811865475), (39, 46, 0.7071067811865475), (39, 49, 0.7071067811865476), (39, 65, 0.7071067811865475), (39, 68, 0.7071067811865476), (39, 4, 0.7071067811865476), (39, 7, 0.7071067811865475), (39, 13, 0.7071067811865475), (39, 16, 0.7071067811865474), (39, 37, 0.7071067811865476), (39, 38, 0.7071067811865476), (40, 41, 0.7071067811865475), (40, 42, 0.7071067811865476), (40, 59, 0.7071067811865475), (40, 68, 0.7071067811865476), (40, 4, 0.7071067811865476), (40, 5, 0.7071067811865475), (40, 13, 0.7071067811865475), (40, 14, 0.7071067811865474), (40, 30, 0.7071067811865476), (40, 32, 0.7071067811865476), (40, 33, 0.7071067811865475), (40, 39, 0.7071067811865475), (41, 42, 0.7071067811865476), (41, 49, 0.7071067811865476), (41, 93, 0.7071067811865476), (41, 94, 0.7071067811865476), (41, 96, 0.7071067811865477), (41, 103, 0.7071067811865477), (41, 4, 0.7071067811865476), (41, 5, 0.7071067811865475), (41, 7, 0.7071067811865475), (41, 8, 0.7071067811865474), (41, 39, 0.7071067811865475), (41, 40, 0.7071067811865475), (42, 43, 0.7071067811865475), (42, 44, 0.7071067811865475), (42, 49, 0.7071067811865475), (42, 52, 0.7071067811865476), (42, 68, 0.7071067811865475), (42, 71, 0.7071067811865476), (42, 5, 0.7071067811865476), (42, 8, 0.7071067811865475), (42, 14, 0.7071067811865475), (42, 17, 0.7071067811865474), (42, 40, 0.7071067811865476), (42, 41, 0.7071067811865476), (43, 44, 0.7071067811865475), (43, 62, 0.7071067811865475), (43, 71, 0.7071067811865476), (43, 3, 0.7071067811865477), (43, 5, 0.7071067811865476), (43, 12, 0.7071067811865476), (43, 14, 0.7071067811865475), (43, 27, 0.7071067811865477), (43, 33, 0.7071067811865476), (43, 35, 0.7071067811865476), (43, 36, 0.7071067811865476), (43, 42, 0.7071067811865475), (44, 52, 0.7071067811865476), (44, 90, 0.7071067811865478), (44, 96, 0.7071067811865476), (44, 97, 0.7071067811865476), (44, 106, 0.7071067811865477), (44, 3, 0.7071067811865477), (44, 5, 0.7071067811865476), (44, 6, 0.7071067811865476), (44, 8, 0.7071067811865475), (44, 36, 0.7071067811865476), (44, 42, 0.7071067811865475), (44, 43, 0.7071067811865475), (45, 46, 0.7071067811865475), (45, 47, 0.7071067811865475), (45, 52, 0.7071067811865476), (45, 53, 0.7071067811865476), (45, 74, 0.7071067811865476), (45, 80, 0.7071067811865477), (45, 0, 0.7071067811865477), (45, 6, 0.7071067811865476), (45, 9, 0.7071067811865476), (45, 15, 0.7071067811865475), (45, 28, 0.7071067811865476), (45, 34, 0.7071067811865478), (46, 47, 0.7071067811865475), (46, 48, 0.7071067811865476), (46, 65, 0.7071067811865475), (46, 74, 0.7071067811865476), (46, 6, 0.7071067811865476), (46, 7, 0.7071067811865475), (46, 15, 0.7071067811865475), (46, 16, 0.7071067811865474), (46, 36, 0.7071067811865476), (46, 38, 0.7071067811865476), (46, 39, 0.7071067811865475), (46, 45, 0.7071067811865475), (47, 48, 0.7071067811865476), (47, 82, 0.7071067811865478), (47, 99, 0.7071067811865476), (47, 100, 0.7071067811865476), (47, 102, 0.7071067811865477), (47, 0, 0.7071067811865477), (47, 1, 0.7071067811865476), (47, 6, 0.7071067811865476), (47, 7, 0.7071067811865475), (47, 28, 0.7071067811865476), (47, 45, 0.7071067811865475), (47, 46, 0.7071067811865475), (48, 49, 0.7071067811865475), (48, 50, 0.7071067811865475), (48, 74, 0.7071067811865475), (48, 77, 0.7071067811865476), (48, 1, 0.7071067811865477), (48, 7, 0.7071067811865476), (48, 10, 0.7071067811865476), (48, 16, 0.7071067811865475), (48, 28, 0.7071067811865477), (48, 31, 0.7071067811865476), (48, 46, 0.7071067811865476), (48, 47, 0.7071067811865476), (49, 50, 0.7071067811865475), (49, 51, 0.7071067811865476), (49, 68, 0.7071067811865475), (49, 77, 0.7071067811865476), (49, 7, 0.7071067811865476), (49, 8, 0.7071067811865475), (49, 16, 0.7071067811865475), (49, 17, 0.7071067811865474), (49, 39, 0.7071067811865476), (49, 41, 0.7071067811865476), (49, 42, 0.7071067811865475), (49, 48, 0.7071067811865475), (50, 51, 0.7071067811865476), (50, 85, 0.7071067811865478), (50, 102, 0.7071067811865476), (50, 103, 0.7071067811865476), (50, 105, 0.7071067811865477), (50, 1, 0.7071067811865477), (50, 2, 0.7071067811865476), (50, 7, 0.7071067811865476), (50, 8, 0.7071067811865475), (50, 31, 0.7071067811865476), (50, 48, 0.7071067811865475), (50, 49, 0.7071067811865475), (51, 52, 0.7071067811865475), (51, 53, 0.7071067811865475), (51, 77, 0.7071067811865475), (51, 80, 0.7071067811865476), (51, 2, 0.7071067811865477), (51, 8, 0.7071067811865476), (51, 11, 0.7071067811865476), (51, 17, 0.7071067811865475), (51, 31, 0.7071067811865477), (51, 34, 0.7071067811865476), (51, 49, 0.7071067811865476), (51, 50, 0.7071067811865476), (52, 53, 0.7071067811865475), (52, 71, 0.7071067811865475), (52, 80, 0.7071067811865476), (52, 6, 0.7071067811865477), (52, 8, 0.7071067811865476), (52, 15, 0.7071067811865476), (52, 17, 0.7071067811865475), (52, 36, 0.7071067811865477), (52, 42, 0.7071067811865476), (52, 44, 0.7071067811865476), (52, 45, 0.7071067811865476), (52, 51, 0.7071067811865475), (53, 88, 0.7071067811865478), (53, 99, 0.7071067811865478), (53, 105, 0.7071067811865476), (53, 106, 0.7071067811865476), (53, 0, 0.7071067811865478), (53, 2, 0.7071067811865477), (53, 6, 0.7071067811865477), (53, 8, 0.7071067811865476), (53, 34, 0.7071067811865476), (53, 45, 0.7071067811865476), (53, 51, 0.7071067811865475), (53, 52, 0.7071067811865475), (54, 55, 0.7071067811865475), (54, 56, 0.7071067811865475), (54, 61, 0.7071067811865476), (54, 62, 0.7071067811865476), (54, 64, 0.7071067811865476), (54, 70, 0.7071067811865477), (54, 83, 0.7071067811865476), (54, 89, 0.7071067811865477), (54, 9, 0.7071067811865476), (54, 12, 0.7071067811865475), (54, 18, 0.7071067811865475), (54, 21, 0.7071067811865474), (55, 56, 0.7071067811865475), (55, 57, 0.7071067811865476), (55, 72, 0.7071067811865476), (55, 74, 0.7071067811865476), (55, 75, 0.7071067811865477), (55, 83, 0.7071067811865476), (55, 101, 0.7071067811865477), (55, 9, 0.7071067811865476), (55, 10, 0.7071067811865475), (55, 18, 0.7071067811865475), (55, 19, 0.7071067811865474), (55, 54, 0.7071067811865475), (56, 57, 0.7071067811865476), (56, 64, 0.7071067811865476), (56, 9, 0.7071067811865476), (56, 10, 0.7071067811865475), (56, 12, 0.7071067811865475), (56, 13, 0.7071067811865474), (56, 27, 0.7071067811865476), (56, 28, 0.7071067811865476), (56, 30, 0.7071067811865475), (56, 37, 0.7071067811865475), (56, 54, 0.7071067811865475), (56, 55, 0.7071067811865475), (57, 58, 0.7071067811865475), (57, 59, 0.7071067811865475), (57, 64, 0.7071067811865475), (57, 67, 0.7071067811865476), (57, 83, 0.7071067811865475), (57, 86, 0.7071067811865476), (57, 10, 0.7071067811865476), (57, 13, 0.7071067811865475), (57, 19, 0.7071067811865475), (57, 22, 0.7071067811865474), (57, 55, 0.7071067811865476), (57, 56, 0.7071067811865476), (58, 59, 0.7071067811865475), (58, 60, 0.7071067811865476), (58, 75, 0.7071067811865476), (58, 77, 0.7071067811865476), (58, 78, 0.7071067811865477), (58, 86, 0.7071067811865476), (58, 104, 0.7071067811865477), (58, 10, 0.7071067811865476), (58, 11, 0.7071067811865475), (58, 19, 0.7071067811865475), (58, 20, 0.7071067811865474), (58, 57, 0.7071067811865475), (59, 60, 0.7071067811865476), (59, 67, 0.7071067811865476), (59, 10, 0.7071067811865476), (59, 11, 0.7071067811865475), (59, 13, 0.7071067811865475), (59, 14, 0.7071067811865474), (59, 30, 0.7071067811865476), (59, 31, 0.7071067811865476), (59, 33, 0.7071067811865475), (59, 40, 0.7071067811865475), (59, 57, 0.7071067811865475), (59, 58, 0.7071067811865475), (60, 61, 0.7071067811865475), (60, 62, 0.7071067811865475), (60, 67, 0.7071067811865475), (60, 70, 0.7071067811865476), (60, 86, 0.7071067811865475), (60, 89, 0.7071067811865476), (60, 11, 0.7071067811865476), (60, 14, 0.7071067811865475), (60, 20, 0.7071067811865475), (60, 23, 0.7071067811865474), (60, 58, 0.7071067811865476), (60, 59, 0.7071067811865476), (61, 62, 0.7071067811865475), (61, 72, 0.7071067811865478), (61, 78, 0.7071067811865476), (61, 80, 0.7071067811865476), (61, 89, 0.7071067811865476), (61, 107, 0.7071067811865477), (61, 9, 0.7071067811865477), (61, 11, 0.7071067811865476), (61, 18, 0.7071067811865476), (61, 20, 0.7071067811865475), (61, 54, 0.7071067811865476), (61, 60, 0.7071067811865475), (62, 70, 0.7071067811865476), (62, 9, 0.7071067811865477), (62, 11, 0.7071067811865476), (62, 12, 0.7071067811865476), (62, 14, 0.7071067811865475), (62, 27, 0.7071067811865477), (62, 33, 0.7071067811865476), (62, 34, 0.7071067811865476), (62, 43, 0.7071067811865475), (62, 54, 0.7071067811865476), (62, 60, 0.7071067811865475), (62, 61, 0.7071067811865475), (63, 64, 0.7071067811865475), (63, 65, 0.7071067811865475), (63, 70, 0.7071067811865476), (63, 71, 0.7071067811865476), (63, 73, 0.7071067811865476), (63, 79, 0.7071067811865477), (63, 92, 0.7071067811865476), (63, 98, 0.7071067811865477), (63, 12, 0.7071067811865476), (63, 15, 0.7071067811865475), (63, 21, 0.7071067811865475), (63, 24, 0.7071067811865474), (64, 65, 0.7071067811865475), (64, 66, 0.7071067811865476), (64, 83, 0.7071067811865475), (64, 92, 0.7071067811865476), (64, 12, 0.7071067811865476), (64, 13, 0.7071067811865475), (64, 21, 0.7071067811865475), (64, 22, 0.7071067811865474), (64, 54, 0.7071067811865476), (64, 56, 0.7071067811865476), (64, 57, 0.7071067811865475), (64, 63, 0.7071067811865475), (65, 66, 0.7071067811865476), (65, 73, 0.7071067811865476), (65, 12, 0.7071067811865476), (65, 13, 0.7071067811865475), (65, 15, 0.7071067811865475), (65, 16, 0.7071067811865474), (65, 36, 0.7071067811865476), (65, 37, 0.7071067811865476), (65, 39, 0.7071067811865475), (65, 46, 0.7071067811865475), (65, 63, 0.7071067811865475), (65, 64, 0.7071067811865475), (66, 67, 0.7071067811865475), (66, 68, 0.7071067811865475), (66, 73, 0.7071067811865475), (66, 76, 0.7071067811865476), (66, 92, 0.7071067811865475), (66, 95, 0.7071067811865476), (66, 13, 0.7071067811865476), (66, 16, 0.7071067811865475), (66, 22, 0.7071067811865475), (66, 25, 0.7071067811865474), (66, 64, 0.7071067811865476), (66, 65, 0.7071067811865476), (67, 68, 0.7071067811865475), (67, 69, 0.7071067811865476), (67, 86, 0.7071067811865475), (67, 95, 0.7071067811865476), (67, 13, 0.7071067811865476), (67, 14, 0.7071067811865475), (67, 22, 0.7071067811865475), (67, 23, 0.7071067811865474), (67, 57, 0.7071067811865476), (67, 59, 0.7071067811865476), (67, 60, 0.7071067811865475), (67, 66, 0.7071067811865475), (68, 69, 0.7071067811865476), (68, 76, 0.7071067811865476), (68, 13, 0.7071067811865476), (68, 14, 0.7071067811865475), (68, 16, 0.7071067811865475), (68, 17, 0.7071067811865474), (68, 39, 0.7071067811865476), (68, 40, 0.7071067811865476), (68, 42, 0.7071067811865475), (68, 49, 0.7071067811865475), (68, 66, 0.7071067811865475), (68, 67, 0.7071067811865475), (69, 70, 0.7071067811865475), (69, 71, 0.7071067811865475), (69, 76, 0.7071067811865475), (69, 79, 0.7071067811865476), (69, 95, 0.7071067811865475), (69, 98, 0.7071067811865476), (69, 14, 0.7071067811865476), (69, 17, 0.7071067811865475), (69, 23, 0.7071067811865475), (69, 26, 0.7071067811865474), (69, 67, 0.7071067811865476), (69, 68, 0.7071067811865476), (70, 71, 0.7071067811865475), (70, 89, 0.7071067811865475), (70, 98, 0.7071067811865476), (70, 12, 0.7071067811865477), (70, 14, 0.7071067811865476), (70, 21, 0.7071067811865476), (70, 23, 0.7071067811865475), (70, 54, 0.7071067811865477), (70, 60, 0.7071067811865476), (70, 62, 0.7071067811865476), (70, 63, 0.7071067811865476), (70, 69, 0.7071067811865475), (71, 79, 0.7071067811865476), (71, 12, 0.7071067811865477), (71, 14, 0.7071067811865476), (71, 15, 0.7071067811865476), (71, 17, 0.7071067811865475), (71, 36, 0.7071067811865477), (71, 42, 0.7071067811865476), (71, 43, 0.7071067811865476), (71, 52, 0.7071067811865475), (71, 63, 0.7071067811865476), (71, 69, 0.7071067811865475), (71, 70, 0.7071067811865475), (72, 73, 0.7071067811865475), (72, 74, 0.7071067811865475), (72, 79, 0.7071067811865476), (72, 80, 0.7071067811865476), (72, 101, 0.7071067811865476), (72, 107, 0.7071067811865477), (72, 9, 0.7071067811865477), (72, 15, 0.7071067811865476), (72, 18, 0.7071067811865476), (72, 24, 0.7071067811865475), (72, 55, 0.7071067811865476), (72, 61, 0.7071067811865478), (73, 74, 0.7071067811865475), (73, 75, 0.7071067811865476), (73, 92, 0.7071067811865475), (73, 101, 0.7071067811865476), (73, 15, 0.7071067811865476), (73, 16, 0.7071067811865475), (73, 24, 0.7071067811865475), (73, 25, 0.7071067811865474), (73, 63, 0.7071067811865476), (73, 65, 0.7071067811865476), (73, 66, 0.7071067811865475), (73, 72, 0.7071067811865475), (74, 75, 0.7071067811865476), (74, 9, 0.7071067811865477), (74, 10, 0.7071067811865476), (74, 15, 0.7071067811865476), (74, 16, 0.7071067811865475), (74, 28, 0.7071067811865477), (74, 45, 0.7071067811865476), (74, 46, 0.7071067811865476), (74, 48, 0.7071067811865475), (74, 55, 0.7071067811865476), (74, 72, 0.7071067811865475), (74, 73, 0.7071067811865475), (75, 76, 0.7071067811865475), (75, 77, 0.7071067811865475), (75, 101, 0.7071067811865475), (75, 104, 0.7071067811865476), (75, 10, 0.7071067811865477), (75, 16, 0.7071067811865476), (75, 19, 0.7071067811865476), (75, 25, 0.7071067811865475), (75, 55, 0.7071067811865477), (75, 58, 0.7071067811865476), (75, 73, 0.7071067811865476), (75, 74, 0.7071067811865476), (76, 77, 0.7071067811865475), (76, 78, 0.7071067811865476), (76, 95, 0.7071067811865475), (76, 104, 0.7071067811865476), (76, 16, 0.7071067811865476), (76, 17, 0.7071067811865475), (76, 25, 0.7071067811865475), (76, 26, 0.7071067811865474), (76, 66, 0.7071067811865476), (76, 68, 0.7071067811865476), (76, 69, 0.7071067811865475), (76, 75, 0.7071067811865475), (77, 78, 0.7071067811865476), (77, 10, 0.7071067811865477), (77, 11, 0.7071067811865476), (77, 16, 0.7071067811865476), (77, 17, 0.7071067811865475), (77, 31, 0.7071067811865477), (77, 48, 0.7071067811865476), (77, 49, 0.7071067811865476), (77, 51, 0.7071067811865475), (77, 58, 0.7071067811865476), (77, 75, 0.7071067811865475), (77, 76, 0.7071067811865475), (78, 79, 0.7071067811865475), (78, 80, 0.7071067811865475), (78, 104, 0.7071067811865475), (78, 107, 0.7071067811865476), (78, 11, 0.7071067811865477), (78, 17, 0.7071067811865476), (78, 20, 0.7071067811865476), (78, 26, 0.7071067811865475), (78, 58, 0.7071067811865477), (78, 61, 0.7071067811865476), (78, 76, 0.7071067811865476), (78, 77, 0.7071067811865476), (79, 80, 0.7071067811865475), (79, 98, 0.7071067811865475), (79, 107, 0.7071067811865476), (79, 15, 0.7071067811865477), (79, 17, 0.7071067811865476), (79, 24, 0.7071067811865476), (79, 26, 0.7071067811865475), (79, 63, 0.7071067811865477), (79, 69, 0.7071067811865476), (79, 71, 0.7071067811865476), (79, 72, 0.7071067811865476), (79, 78, 0.7071067811865475), (80, 9, 0.7071067811865478), (80, 11, 0.7071067811865477), (80, 15, 0.7071067811865477), (80, 17, 0.7071067811865476), (80, 34, 0.7071067811865477), (80, 45, 0.7071067811865477), (80, 51, 0.7071067811865476), (80, 52, 0.7071067811865476), (80, 61, 0.7071067811865476), (80, 72, 0.7071067811865476), (80, 78, 0.7071067811865475), (80, 79, 0.7071067811865475), (81, 82, 0.7071067811865475), (81, 83, 0.7071067811865475), (81, 88, 0.7071067811865476), (81, 89, 0.7071067811865476), (81, 91, 0.7071067811865476), (81, 97, 0.7071067811865477), (81, 0, 0.7071067811865477), (81, 3, 0.7071067811865476), (81, 18, 0.7071067811865476), (81, 21, 0.7071067811865475), (81, 29, 0.7071067811865476), (81, 35, 0.7071067811865478), (82, 83, 0.7071067811865475), (82, 84, 0.7071067811865476), (82, 99, 0.7071067811865476), (82, 101, 0.7071067811865476), (82, 102, 0.7071067811865477), (82, 0, 0.7071067811865477), (82, 1, 0.7071067811865476), (82, 18, 0.7071067811865476), (82, 19, 0.7071067811865475), (82, 29, 0.7071067811865476), (82, 47, 0.7071067811865478), (82, 81, 0.7071067811865475), (83, 84, 0.7071067811865476), (83, 91, 0.7071067811865476), (83, 18, 0.7071067811865476), (83, 19, 0.7071067811865475), (83, 21, 0.7071067811865475), (83, 22, 0.7071067811865474), (83, 54, 0.7071067811865476), (83, 55, 0.7071067811865476), (83, 57, 0.7071067811865475), (83, 64, 0.7071067811865475), (83, 81, 0.7071067811865475), (83, 82, 0.7071067811865475), (84, 85, 0.7071067811865475), (84, 86, 0.7071067811865475), (84, 91, 0.7071067811865475), (84, 94, 0.7071067811865476), (84, 1, 0.7071067811865477), (84, 4, 0.7071067811865476), (84, 19, 0.7071067811865476), (84, 22, 0.7071067811865475), (84, 29, 0.7071067811865477), (84, 32, 0.7071067811865476), (84, 82, 0.7071067811865476), (84, 83, 0.7071067811865476), (85, 86, 0.7071067811865475), (85, 87, 0.7071067811865476), (85, 102, 0.7071067811865476), (85, 104, 0.7071067811865476), (85, 105, 0.7071067811865477), (85, 1, 0.7071067811865477), (85, 2, 0.7071067811865476), (85, 19, 0.7071067811865476), (85, 20, 0.7071067811865475), (85, 32, 0.7071067811865476), (85, 50, 0.7071067811865478), (85, 84, 0.7071067811865475), (86, 87, 0.7071067811865476), (86, 94, 0.7071067811865476), (86, 19, 0.7071067811865476), (86, 20, 0.7071067811865475), (86, 22, 0.7071067811865475), (86, 23, 0.7071067811865474), (86, 57, 0.7071067811865476), (86, 58, 0.7071067811865476), (86, 60, 0.7071067811865475), (86, 67, 0.7071067811865475), (86, 84, 0.7071067811865475), (86, 85, 0.7071067811865475), (87, 88, 0.7071067811865475), (87, 89, 0.7071067811865475), (87, 94, 0.7071067811865475), (87, 97, 0.7071067811865476), (87, 2, 0.7071067811865477), (87, 5, 0.7071067811865476), (87, 20, 0.7071067811865476), (87, 23, 0.7071067811865475), (87, 32, 0.7071067811865477), (87, 35, 0.7071067811865476), (87, 85, 0.7071067811865476), (87, 86, 0.7071067811865476), (88, 89, 0.7071067811865475), (88, 99, 0.7071067811865478), (88, 105, 0.7071067811865476), (88, 107, 0.7071067811865476), (88, 0, 0.7071067811865478), (88, 2, 0.7071067811865477), (88, 18, 0.7071067811865477), (88, 20, 0.7071067811865476), (88, 35, 0.7071067811865476), (88, 53, 0.7071067811865478), (88, 81, 0.7071067811865476), (88, 87, 0.7071067811865475), (89, 97, 0.7071067811865476), (89, 18, 0.7071067811865477), (89, 20, 0.7071067811865476), (89, 21, 0.7071067811865476), (89, 23, 0.7071067811865475), (89, 54, 0.7071067811865477), (89, 60, 0.7071067811865476), (89, 61, 0.7071067811865476), (89, 70, 0.7071067811865475), (89, 81, 0.7071067811865476), (89, 87, 0.7071067811865475), (89, 88, 0.7071067811865475), (90, 91, 0.7071067811865475), (90, 92, 0.7071067811865475), (90, 97, 0.7071067811865476), (90, 98, 0.7071067811865476), (90, 100, 0.7071067811865476), (90, 106, 0.7071067811865477), (90, 3, 0.7071067811865477), (90, 6, 0.7071067811865476), (90, 21, 0.7071067811865476), (90, 24, 0.7071067811865475), (90, 38, 0.7071067811865476), (90, 44, 0.7071067811865478), (91, 92, 0.7071067811865475), (91, 93, 0.7071067811865476), (91, 3, 0.7071067811865477), (91, 4, 0.7071067811865476), (91, 21, 0.7071067811865476), (91, 22, 0.7071067811865475), (91, 29, 0.7071067811865477), (91, 38, 0.7071067811865476), (91, 81, 0.7071067811865476), (91, 83, 0.7071067811865476), (91, 84, 0.7071067811865475), (91, 90, 0.7071067811865475), (92, 93, 0.7071067811865476), (92, 100, 0.7071067811865476), (92, 21, 0.7071067811865476), (92, 22, 0.7071067811865475), (92, 24, 0.7071067811865475), (92, 25, 0.7071067811865474), (92, 63, 0.7071067811865476), (92, 64, 0.7071067811865476), (92, 66, 0.7071067811865475), (92, 73, 0.7071067811865475), (92, 90, 0.7071067811865475), (92, 91, 0.7071067811865475), (93, 94, 0.7071067811865475), (93, 95, 0.7071067811865475), (93, 100, 0.7071067811865475), (93, 103, 0.7071067811865476), (93, 4, 0.7071067811865477), (93, 7, 0.7071067811865476), (93, 22, 0.7071067811865476), (93, 25, 0.7071067811865475), (93, 38, 0.7071067811865477), (93, 41, 0.7071067811865476), (93, 91, 0.7071067811865476), (93, 92, 0.7071067811865476), (94, 95, 0.7071067811865475), (94, 96, 0.7071067811865476), (94, 4, 0.7071067811865477), (94, 5, 0.7071067811865476), (94, 22, 0.7071067811865476), (94, 23, 0.7071067811865475), (94, 32, 0.7071067811865477), (94, 41, 0.7071067811865476), (94, 84, 0.7071067811865476), (94, 86, 0.7071067811865476), (94, 87, 0.7071067811865475), (94, 93, 0.7071067811865475), (95, 96, 0.7071067811865476), (95, 103, 0.7071067811865476), (95, 22, 0.7071067811865476), (95, 23, 0.7071067811865475), (95, 25, 0.7071067811865475), (95, 26, 0.7071067811865474), (95, 66, 0.7071067811865476), (95, 67, 0.7071067811865476), (95, 69, 0.7071067811865475), (95, 76, 0.7071067811865475), (95, 93, 0.7071067811865475), (95, 94, 0.7071067811865475), (96, 97, 0.7071067811865475), (96, 98, 0.7071067811865475), (96, 103, 0.7071067811865475), (96, 106, 0.7071067811865476), (96, 5, 0.7071067811865477), (96, 8, 0.7071067811865476), (96, 23, 0.7071067811865476), (96, 26, 0.7071067811865475), (96, 41, 0.7071067811865477), (96, 44, 0.7071067811865476), (96, 94, 0.7071067811865476), (96, 95, 0.7071067811865476), (97, 98, 0.7071067811865475), (97, 3, 0.7071067811865478), (97, 5, 0.7071067811865477), (97, 21, 0.7071067811865477), (97, 23, 0.7071067811865476), (97, 35, 0.7071067811865477), (97, 44, 0.7071067811865476), (97, 81, 0.7071067811865477), (97, 87, 0.7071067811865476), (97, 89, 0.7071067811865476), (97, 90, 0.7071067811865476), (97, 96, 0.7071067811865475), (98, 106, 0.7071067811865476), (98, 21, 0.7071067811865477), (98, 23, 0.7071067811865476), (98, 24, 0.7071067811865476), (98, 26, 0.7071067811865475), (98, 63, 0.7071067811865477), (98, 69, 0.7071067811865476), (98, 70, 0.7071067811865476), (98, 79, 0.7071067811865475), (98, 90, 0.7071067811865476), (98, 96, 0.7071067811865475), (98, 97, 0.7071067811865475), (99, 100, 0.7071067811865475), (99, 101, 0.7071067811865475), (99, 106, 0.7071067811865476), (99, 107, 0.7071067811865476), (99, 0, 0.7071067811865478), (99, 6, 0.7071067811865477), (99, 18, 0.7071067811865477), (99, 24, 0.7071067811865476), (99, 47, 0.7071067811865476), (99, 53, 0.7071067811865478), (99, 82, 0.7071067811865476), (99, 88, 0.7071067811865478), (100, 101, 0.7071067811865475), (100, 102, 0.7071067811865476), (100, 6, 0.7071067811865477), (100, 7, 0.7071067811865476), (100, 24, 0.7071067811865476), (100, 25, 0.7071067811865475), (100, 38, 0.7071067811865477), (100, 47, 0.7071067811865476), (100, 90, 0.7071067811865476), (100, 92, 0.7071067811865476), (100, 93, 0.7071067811865475), (100, 99, 0.7071067811865475), (101, 102, 0.7071067811865476), (101, 18, 0.7071067811865477), (101, 19, 0.7071067811865476), (101, 24, 0.7071067811865476), (101, 25, 0.7071067811865475), (101, 55, 0.7071067811865477), (101, 72, 0.7071067811865476), (101, 73, 0.7071067811865476), (101, 75, 0.7071067811865475), (101, 82, 0.7071067811865476), (101, 99, 0.7071067811865475), (101, 100, 0.7071067811865475), (102, 103, 0.7071067811865475), (102, 104, 0.7071067811865475), (102, 1, 0.7071067811865478), (102, 7, 0.7071067811865477), (102, 19, 0.7071067811865477), (102, 25, 0.7071067811865476), (102, 47, 0.7071067811865477), (102, 50, 0.7071067811865476), (102, 82, 0.7071067811865477), (102, 85, 0.7071067811865476), (102, 100, 0.7071067811865476), (102, 101, 0.7071067811865476), (103, 104, 0.7071067811865475), (103, 105, 0.7071067811865476), (103, 7, 0.7071067811865477), (103, 8, 0.7071067811865476), (103, 25, 0.7071067811865476), (103, 26, 0.7071067811865475), (103, 41, 0.7071067811865477), (103, 50, 0.7071067811865476), (103, 93, 0.7071067811865476), (103, 95, 0.7071067811865476), (103, 96, 0.7071067811865475), (103, 102, 0.7071067811865475), (104, 105, 0.7071067811865476), (104, 19, 0.7071067811865477), (104, 20, 0.7071067811865476), (104, 25, 0.7071067811865476), (104, 26, 0.7071067811865475), (104, 58, 0.7071067811865477), (104, 75, 0.7071067811865476), (104, 76, 0.7071067811865476), (104, 78, 0.7071067811865475), (104, 85, 0.7071067811865476), (104, 102, 0.7071067811865475), (104, 103, 0.7071067811865475), (105, 106, 0.7071067811865475), (105, 107, 0.7071067811865475), (105, 2, 0.7071067811865478), (105, 8, 0.7071067811865477), (105, 20, 0.7071067811865477), (105, 26, 0.7071067811865476), (105, 50, 0.7071067811865477), (105, 53, 0.7071067811865476), (105, 85, 0.7071067811865477), (105, 88, 0.7071067811865476), (105, 103, 0.7071067811865476), (105, 104, 0.7071067811865476), (106, 107, 0.7071067811865475), (106, 6, 0.7071067811865478), (106, 8, 0.7071067811865477), (106, 24, 0.7071067811865477), (106, 26, 0.7071067811865476), (106, 44, 0.7071067811865477), (106, 53, 0.7071067811865476), (106, 90, 0.7071067811865477), (106, 96, 0.7071067811865476), (106, 98, 0.7071067811865476), (106, 99, 0.7071067811865476), (106, 105, 0.7071067811865475), (107, 18, 0.7071067811865478), (107, 20, 0.7071067811865477), (107, 24, 0.7071067811865477), (107, 26, 0.7071067811865476), (107, 61, 0.7071067811865477), (107, 72, 0.7071067811865477), (107, 78, 0.7071067811865476), (107, 79, 0.7071067811865476), (107, 88, 0.7071067811865476), (107, 99, 0.7071067811865476), (107, 105, 0.7071067811865475), (107, 106, 0.7071067811865475)]
